30183
66352
22231
59210
94670
26733
18406
69126
77088
28272
39526
90257
56471
47650
49082
47132
6554
22019
98577
36104
5265
37855
66151
21536
88043
11577
22534
57109
54794
73622
91006
97775
72579
85115
2153
73981
32847
65019
92997
37250
3732
39251
98751
72649
84702
38745
23769
22346
41325
97071
8649
92103
39774
66316
18404
70179
17429
76764
85159
93337
83088
65736
49783
90339
67468
10488
56746
27774
3608
88821
88214
88183
39044
36447
83037
65718
48414
83168
53456
89689
22235
98538
70062
72591
80457
4711
51461
38330
17335
60474
90683
13220
25357
67504
32116
44745
22882
71171
34468
44900
2144
58713
23337
92215
60197
55208
98521
46312
97400
39906
85540
7414
15033
42907
84542
47640
15662
25837
17456
45300
40681
50901
17345
97422
41753
10154
72428
78535
90255
55272
85578
6145
90682
65080
37494
94886
27319
41981
20794
83883
95107
23558
80091
15801
18039
56348
17478
46663
4900
43772
89491
41302
2152
85743
13155
35007
98686
63336
58020
78838
6612
13516
27798
39753
98421
1545
96015
86798
70281
69865
53474
56984
77528
16897
9035
4985
21680
99077
94802
90961
62041
22146
26017
62696
59095
25241
58667
67904
21121
98372
89996
98412
68599
51793
15224
83767
13396
73166
20239
75993
60866
88108
48672
67661
26802
11353
70839
9442
37646
1424
43560
38040
50336
44699
32484
76340
38712
63684
24263
55703
40965
14735
48858
44399
24167
88752
80894
33767
90532
4697
39642
53986
99713
63193
13627
70486
37662
84579
91285
43182
93868
49007
8011
20996
54566
75089
77967
4110
92162
54937
59156
54489
40230
46466
94202
25049
96092
87350
97978
5593
31150
73374
5967
79725
19376
33372
9975
53379
70315
62301
24352
56489
65736
141
50408
86774
52120
25089
19305
10898
20575
37905
18579
5736
15893
62587
94702
53280
82158
41208
9507
68107
32534
52000
75772
31599
61176
80414
3338
43307
65437
6982
80183
53861
88493
8683
86326
3878
94599
96658
21196
52306
51131
99160
84146
64867
98539
42312
61446
18472
38421
60531
51095
47303
65312
81691
60099
92731
29649
9670
10652
15014
35335
65176
81441
48860
44392
81769
25156
38209
78100
11928
27460
31913
36288
61143
96797
93779
59318
3265
26938
25323
13506
7723
93442
69696
5540
24177
27194
24824
59306
21736
28564
52900
53110
82680
92851
8441
72022
30101
29785
44471
95748
47778
48740
7985
8195
38247
77791
69864
4069
40373
22328
54840
81363
12066
41976
71947
74081
94987
62101
13812
84602
18054
49323
51797
71867
52748
4749
16165
55521
12121
96801
94961
17436
63465
32123
79033
40872
77499
98134
12880
86501
12631
10550
69252
4562
59705
25512
39530
66584
4485
89566
65529
32472
87864
11626
65757
88029
21854
38580
89024
35946
60495
50778
18808
56927
96983
95955
59800
52224
87620
74591
82231
8555
30299
97199
87797
21659
31973
34286
47479
54866
61741
58917
62956
97571
29089
439
90629
9098
59277
21788
92659
46180
43480
53941
24693
2040
44214
72194
95100
54800
27062
49987
89431
39798
15587
17810
85964
18997
75358
70162
25064
78902
29908
7634
37607
65708
65945
56151
25386
50130
73976
89763
66545
39736
77843
40172
77681
86079
99034
13969
99947
10519
31647
20589
14365
3524
33035
87500
27083
88057
48102
56443
61072
71711
49556
25422
28120
73872
95356
17350
90381
70535
64541
67428
80966
32826
66431
64402
74895
68454
84008
26027
17058
44393
60216
17032
52106
17747
98499
52637
86615
36499
34296
75236
20103
92858
44243
63570
63229
69681
78873
8779
31956
34471
57429
67644
55192
94232
12905
35335
16279
15564
36893
14294
10882
67341
74746
22086
78914
77272
73213
63875
78071
59140
65344
74669
63612
25608
68444
34563
16573
92056
40234
32171
1994
70554
73151
53878
81830
84311
71364
40426
12736
6239
69709
9551
58507
47751
84581
88074
12912
85557
31314
92214
38220
29225
52577
93410
35857
8297
32581
26243
80758
35945
93056
2284
28953
96172
50009
50438
22621
31544
32167
97832
35460
73311
22155
89721
18090
22868
58543
45022
40051
73742
7337
30560
57573
62542
42598
14053
41692
3748
85778
11355
33755
43401
12711
16537
15090
56477
16265
91344
161
83832
68235
5737
82156
92893
2937
45551
58294
97460
57497
18700
93789
72135
12047
69035
75287
73549
9395
15777
22656
18279
91097
92120
93808
88956
10035
44233
94397
61374
45481
27014
81570
46120
12446
44260
84439
76384
94719
11490
54998
59157
24562
70142
25653
91823
33358
50690
70563
4351
58933
99524
45404
17757
12389
40210
7667
75971
13366
49390
1383
83302
98827
79841
32468
33742
10878
28647
32138
79447
13590
83612
10508
14458
70153
19449
34632
92142
31212
49714
46752
63711
39791
86828
93561
44484
24349
61482
96590
63152
62670
28030
95431
68380
6897
37086
68010
6969
81518
86751
49013
29087
96272
12990
63174
61910
14674
80799
51622
17279
71426
37639
73425
36260
17495
83373
66791
10636
39334
45886
20296
50812
1742
4692
72861
77607
17994
2905
4978
5918
43710
10956
90506
62570
85511
6590
81000
47436
82388
86888
13421
10951
79128
69587
85296
60751
8786
39369
93527
92530
62492
47254
60172
17781
2982
48525
32095
46549
75704
87698
75068
66655
14539
85627
46802
58834
66159
8756
99550
33874
76105
55310
86639
54114
41399
73867
28854
58019
5214
84896
25320
6575
2178
89235
58950
53937
80007
87134
82877
75080
88541
56594
44363
68405
93978
78743
34508
38091
96959
38976
74573
44883
54264
23865
76065
44885
88518
43598
22209
63848
56654
82557
80693
60425
899
19154
15504
81901
96989
96357
18864
45858
82758
25493
93986
20964
57975
73210
57797
92441
18666
56345
73820
38430
83714
97079
93177
78332
80775
29210
1170
1294
18540
55102
29636
21683
60070
64853
5367
15334
42649
72417
67643
57483
3605
95761
42810
3713
50530
34069
42793
25674
93706
80316
78443
62424
53914
2638
93739
27504
32898
84201
4146
37431
15367
4745
58348
46444
95551
8733
97363
91037
39508
95386
6602
12007
84372
26242
74996
49962
58100
38542
87530
13818
76082
17650
23594
6542
33417
79515
80675
88460
64530
16914
58656
94916
91075
43310
74612
20255
97223
64758
60103
53019
22936
54532
58881
91510
7534
5378
55694
67523
13746
82958
23677
59524
28177
50774
22979
36188
26308
88926
86261
88020
57602
54557
60552
83841
26927
78216
78054
79411
19361
57309
69700
