92748
13601
32981
80430
40389
97925
63849
86190
72909
16144
91530
17286
2354
89154
72067
61715
91676
30888
29659
28329
19190
71501
12999
51287
64238
84949
96500
92920
58785
98501
68040
34799
88844
97720
1960
38350
11544
21588
81283
97350
34381
24026
30652
70473
58373
28217
41361
97911
39379
52126
19819
35519
45896
88399
53678
61030
86761
13820
88637
74271
90690
26558
23526
61109
22749
91328
23314
68947
87630
80882
6807
69016
15135
63580
97593
82043
77014
89344
80829
40537
39943
93360
95839
78354
67882
28244
37773
25620
89003
96962
38412
86278
53453
14177
87501
70854
84518
97504
8116
94359
25338
47239
79511
40077
21030
3720
99873
17436
23814
32943
59400
50397
30438
16029
87734
41863
57716
44278
2061
72277
74349
61634
97047
55588
88764
83800
65509
62847
4643
33971
9427
40867
50617
27616
24226
57227
59528
1777
99931
5344
39289
1302
43797
62309
19365
6664
79901
31734
2260
16615
8103
83164
65037
25244
61425
74884
99186
51133
44935
92495
20542
5270
75231
20592
23376
42497
23715
74493
90130
78971
97075
58228
77632
89463
49786
10213
28664
31604
75265
80772
16541
41832
31970
58458
15106
17959
40200
44863
17917
33705
98216
74954
27102
30703
82417
38061
23316
43409
33325
21764
86741
75728
26165
36695
71291
61694
61089
88809
90920
49343
86020
71879
31913
53747
11206
11760
65449
74146
10273
38787
80707
24954
48025
60095
68938
36920
12169
4925
58045
2035
54765
71697
54290
3351
79272
38337
68865
40482
53368
42824
64581
48452
83030
89115
11030
61321
93809
58225
55020
68374
64947
29480
13994
42743
75275
42129
80849
90897
37138
23189
38442
18348
36953
80742
72664
31888
59452
35545
55251
54045
29518
56931
58266
2170
28182
34051
21738
27978
29095
40163
50989
56099
52428
69643
73956
69020
89114
20543
10965
18064
80762
61248
4570
10593
36010
28551
10250
2636
16506
17311
4117
48590
88106
4043
49928
79295
3925
47045
68525
57816
50317
35098
83826
64046
11136
55105
91535
7547
90964
5936
66476
55683
32015
34276
64951
49904
43298
41737
69915
43436
40470
90238
17741
2714
90426
84010
69005
92239
71867
73328
62389
59093
45283
6425
11579
64780
90243
69663
14498
37890
49312
87429
52320
86271
93773
82546
86396
40900
21370
667
78997
42006
16603
73298
19679
1443
91411
20694
52928
39907
13196
77652
58520
53130
41895
41660
14687
11214
82384
99962
24712
33608
73685
60324
52915
11390
45638
28499
61321
62295
7979
56207
32204
52805
79082
77407
19429
68766
94798
54560
33219
49210
67403
75464
42633
91217
43139
7661
73890
45066
5732
96096
37098
25457
35225
53870
60754
84977
40365
36852
61490
63728
94583
73149
58035
97796
85225
53138
40166
82960
51658
83413
29346
75555
29690
87043
33894
63055
77011
39547
24782
95983
23868
61258
14789
44155
40345
65392
78794
33171
25001
63715
69247
2117
90950
45076
63743
34140
98645
28373
72361
11886
8778
3771
97785
1958
59585
87660
8221
15863
49791
494
80077
13644
20139
53725
55708
54288
71480
25252
64572
87558
16121
3620
74672
44477
10360
20525
3805
56765
3197
29459
82701
15700
28699
95242
19578
48364
84101
16561
86938
46979
50097
5955
92675
21254
99553
76894
39000
85795
6529
81086
53237
35649
69032
30668
55353
10264
35786
80106
75691
73010
15601
66700
66909
43932
36453
31187
96981
92503
42845
51241
66311
71277
56307
98269
58157
91774
55423
86789
45354
92459
54164
84608
6945
64295
1080
11998
22088
80181
86189
30044
21142
66019
33984
18701
73241
15351
32823
96494
88624
47062
86673
61033
17542
82560
89623
1067
96591
14814
37922
18345
60321
64335
3692
82300
73911
15203
39651
56340
62568
49635
4759
62036
93244
1932
95352
91307
21115
17795
67704
47023
84486
94491
23439
10612
96913
59038
55141
24057
73792
52844
2753
93305
31040
85203
95905
77940
17467
69254
78183
9276
35615
38408
85805
34666
29013
59232
38219
65158
13566
60059
67089
81280
29632
96167
48010
53064
67391
62781
28563
32248
68474
57349
77121
26413
8413
43974
67504
55376
16249
7064
2978
78471
58289
34735
90193
75014
49268
22389
15172
87078
1191
43759
43299
43520
31418
95046
63033
77998
4739
54974
82137
65548
7134
28181
90429
90046
65842
88446
52366
11655
8780
18828
7515
41468
79402
46825
58440
58187
82029
38635
64482
11569
19427
92360
4952
59569
56431
2923
40319
33849
20223
18062
99905
53538
65325
84084
17153
20804
77817
20313
66627
81134
83570
80171
62213
32218
89555
22190
2109
76310
64449
82673
72632
55402
87563
20679
60419
68208
5782
76055
52476
5215
67835
9064
16785
60130
67405
91804
94700
69166
67254
93999
4518
690
85328
61916
12678
25551
38067
31
59473
788
68255
99907
85641
61329
60594
46182
54421
26272
80129
60028
24684
79774
88591
55634
34068
2905
96313
65360
48321
62826
40974
41373
48738
89061
59109
62197
77029
41366
37661
67293
42380
18677
72993
67839
75452
51733
58178
10024
74956
68315
23065
22978
2818
85594
77870
88423
76783
22835
47925
18798
96114
25999
99067
95170
12079
23645
18157
780
28086
21137
14569
86310
83236
57205
3777
41114
31958
50413
41315
96226
72879
75865
33720
4161
85357
41168
66679
59826
42834
44048
568
30086
55978
73885
73363
69028
42357
51918
88206
76712
38758
72920
41261
77331
14199
13124
65586
4482
22995
94312
91739
24738
95457
96103
83366
79178
7505
73193
339
24646
40119
68607
67637
32869
22399
42624
98807
59390
79088
23464
85731
98418
12295
70638
70962
41911
90116
39480
88194
9413
15844
98015
92926
47769
4296
24039
1236
81506
94223
968
79870
53259
53948
40845
37094
14254
81049
99511
44690
16720
19580
7859
82892
25901
21858
91130
18916
36059
64172
62845
52279
8384
17928
49164
18944
30234
91875
10960
54071
66310
44980
57781
77647
29842
33177
77447
63321
71178
47124
78471
42911
46383
59910
69020
91058
57107
47848
59366
24948
25233
2164
27203
21020
3549
91916
25905
91505
12993
41480
69758
84670
69088
87410
60905
69634
49698
22008
67090
30496
26712
77334
90662
1719
99316
81199
33209
66896
64921
27027
13407
8894
63476
59713
88807
58018
57222
25899
65758
68032
1180
42077
37290
69774
32204
93434
21233
47017
60675
69522
99973
4184
35685
85152
96207
16478
23114
41503
64711
75557
93701
12293
31410
76580
33908
3254
58182
