31
141
161
339
439
494
568
667
690
780
788
899
968
1067
1080
1170
1180
1191
1236
1294
1302
1383
1424
1443
1545
1719
1742
1777
1932
1958
1960
1994
2035
2040
2061
2109
2117
2144
2152
2153
2164
2170
2178
2260
2284
2354
2636
2638
2714
2753
2818
2905
2905
2923
2937
2978
2982
3197
3254
3265
3338
3351
3524
3549
3605
3608
3620
3692
3713
3720
3732
3748
3771
3777
3805
3878
3925
4043
4069
4110
4117
4146
4161
4184
4296
4351
4482
4485
4518
4562
4570
4643
4692
4697
4711
4739
4745
4749
4759
4900
4925
4952
4978
4985
5214
5215
5265
5270
5344
5367
5378
5540
5593
5732
5736
5737
5782
5918
5936
5955
5967
6145
6239
6425
6529
6542
6554
6575
6590
6602
6612
6664
6807
6897
6945
6969
6982
7064
7134
7337
7414
7505
7515
7534
7547
7634
7661
7667
7723
7859
7979
7985
8011
8103
8116
8195
8221
8297
8384
8413
8441
8555
8649
8683
8733
8756
8778
8779
8780
8786
8894
9035
9064
9098
9276
9395
9413
9427
9442
9507
9551
9670
9975
10024
10035
10154
10213
10250
10264
10273
10360
10488
10508
10519
10550
10593
10612
10636
10652
10878
10882
10898
10951
10956
10960
10965
11030
11136
11206
11214
11353
11355
11390
11490
11544
11569
11577
11579
11626
11655
11760
11886
11928
11998
12007
12047
12066
12079
12121
12169
12293
12295
12389
12446
12631
12678
12711
12736
12880
12905
12912
12990
12993
12999
13124
13155
13196
13220
13366
13396
13407
13421
13506
13516
13566
13590
13601
13627
13644
13746
13812
13818
13820
13969
13994
14053
14177
14199
14254
14294
14365
14458
14498
14539
14569
14674
14687
14735
14789
14814
15014
15033
15090
15106
15135
15172
15203
15224
15334
15351
15367
15504
15564
15587
15601
15662
15700
15777
15801
15844
15863
15893
16029
16121
16144
16165
16249
16265
16279
16478
16506
16537
16541
16561
16573
16603
16615
16720
16785
16897
16914
17032
17058
17153
17279
17286
17311
17335
17345
17350
17429
17436
17436
17456
17467
17478
17495
17542
17650
17741
17747
17757
17781
17795
17810
17917
17928
17959
17994
18039
18054
18062
18064
18090
18157
18279
18345
18348
18404
18406
18472
18540
18579
18666
18677
18700
18701
18798
18808
18828
18864
18916
18944
18997
19154
19190
19305
19361
19365
19376
19427
19429
19449
19578
19580
19679
19819
20103
20139
20223
20239
20255
20296
20313
20525
20542
20543
20575
20589
20592
20679
20694
20794
20804
20964
20996
21020
21030
21115
21121
21137
21142
21196
21233
21254
21370
21536
21588
21659
21680
21683
21736
21738
21764
21788
21854
21858
22008
22019
22086
22088
22146
22155
22190
22209
22231
22235
22328
22346
22389
22399
22534
22621
22656
22749
22835
22868
22882
22936
22978
22979
22995
23065
23114
23189
23314
23316
23337
23376
23439
23464
23526
23558
23594
23645
23677
23715
23769
23814
23865
23868
24026
24039
24057
24167
24177
24226
24263
24349
24352
24562
24646
24684
24693
24712
24738
24782
24824
24948
24954
25001
25049
25064
25089
25156
25233
25241
25244
25252
25320
25323
25338
25357
25386
25422
25457
25493
25512
25551
25608
25620
25653
25674
25837
25899
25901
25905
25999
26017
26027
26165
26242
26243
26272
26308
26413
26558
26712
26733
26802
26927
26938
27014
27027
27062
27083
27102
27194
27203
27319
27460
27504
27616
27774
27798
27978
28030
28086
28120
28177
28181
28182
28217
28244
28272
28329
28373
28499
28551
28563
28564
28647
28664
28699
28854
28953
29013
29087
29089
29095
29210
29225
29346
29459
29480
29518
29632
29636
29649
29659
29690
29785
29842
29908
30044
30086
30101
30183
30234
30299
30438
30496
30560
30652
30668
30703
30888
31040
31150
31187
31212
31314
31410
31418
31544
31599
31604
31647
31734
31888
31913
31913
31956
31958
31970
31973
32015
32095
32116
32123
32138
32167
32171
32204
32204
32218
32248
32468
32472
32484
32534
32581
32823
32826
32847
32869
32898
32943
32981
33035
33171
33177
33209
33219
33325
33358
33372
33417
33608
33705
33720
33742
33755
33767
33849
33874
33894
33908
33971
33984
34051
34068
34069
34140
34276
34286
34296
34381
34468
34471
34508
34563
34632
34666
34735
34799
35007
35098
35225
35335
35335
35460
35519
35545
35615
35649
35685
35786
35857
35945
35946
36010
36059
36104
36188
36260
36288
36447
36453
36499
36695
36852
36893
36920
36953
37086
37094
37098
37138
37250
37290
37431
37494
37607
37639
37646
37661
37662
37773
37855
37890
37905
37922
38040
38061
38067
38091
38209
38219
38220
38247
38330
38337
38350
38408
38412
38421
38430
38442
38542
38580
38635
38712
38745
38758
38787
38976
39000
39044
39251
39289
39334
39369
39379
39480
39508
39526
39530
39547
39642
39651
39736
39753
39774
39791
39798
39906
39907
39943
40051
40077
40119
40163
40166
40172
40200
40210
40230
40234
40319
40345
40365
40373
40389
40426
40470
40482
40537
40681
40845
40867
40872
40900
40965
40974
41114
41168
41208
41261
41302
41315
41325
41361
41366
41373
41399
41468
41480
41503
41660
41692
41737
41753
41832
41863
41895
41911
41976
41981
42006
42077
42129
42312
42357
42380
42497
42598
42624
42633
42649
42743
42793
42810
42824
42834
42845
42907
42911
43139
43182
43298
43299
43307
43310
43401
43409
43436
43480
43520
43560
43598
43710
43759
43772
43797
43932
43974
44048
44155
44214
44233
44243
44260
44278
44363
44392
44393
44399
44471
44477
44484
44690
44699
44745
44863
44883
44885
44900
44935
44980
45022
45066
45076
45283
45300
45354
45404
45481
45551
45638
45858
45886
45896
46120
46180
46182
46312
46383
46444
46466
46549
46663
46752
46802
46825
46979
47017
47023
47045
47062
47124
47132
47239
47254
47303
47436
47479
47640
47650
47751
47769
47778
47848
47925
48010
48025
48102
48321
48364
48414
48452
48525
48590
48672
48738
48740
48858
48860
49007
49013
49082
49164
49210
49268
49312
49323
49343
49390
49556
49635
49698
49714
49783
49786
49791
49904
49928
49962
49987
50009
50097
50130
50317
50336
50397
50408
50413
50438
50530
50617
50690
50774
50778
50812
50901
50989
51095
51131
51133
51241
51287
51461
51622
51658
51733
51793
51797
51918
52000
52106
52120
52126
52224
52279
52306
52320
52366
52428
52476
52577
52637
52748
52805
52844
52900
52915
52928
53019
53064
53110
53130
53138
53237
53259
53280
53368
53379
53453
53456
53474
53538
53678
53725
53747
53861
53870
53878
53914
53937
53941
53948
53986
54045
54071
54114
54164
54264
54288
54290
54421
54489
54532
54557
54560
54566
54765
54794
54800
54840
54866
54937
54974
54998
55020
55102
55105
55141
55192
55208
55251
55272
55310
55353
55376
55402
55423
55521
55588
55634
55683
55694
55703
55708
55978
56099
56151
56207
56307
56340
56345
56348
56431
56443
56471
56477
56489
56594
56654
56746
56765
56927
56931
56984
57107
57109
57205
57222
57227
57309
57349
57429
57483
57497
57573
57602
57716
57781
57797
57816
57975
58018
58019
58020
58035
58045
58100
58157
58178
58182
58187
58225
58228
58266
58289
58294
58348
58373
58440
58458
58507
58520
58543
58656
58667
58713
58785
58834
58881
58917
58933
58950
59038
59093
59095
59109
59140
59156
59157
59210
59232
59277
59306
59318
59366
59390
59400
59452
59473
59524
59528
59569
59585
59705
59713
59800
59826
59910
60028
60059
60070
60095
60099
60103
60130
60172
60197
60216
60321
60324
60419
60425
60474
60495
60531
60552
60594
60675
60751
60754
60866
60905
61030
61033
61072
61089
61109
61143
61176
61248
61258
61321
61321
61329
61374
61425
61446
61482
61490
61634
61694
61715
61741
61910
61916
62036
62041
62101
62197
62213
62295
62301
62309
62389
62424
62492
62542
62568
62570
62587
62670
62696
62781
62826
62845
62847
62956
63033
63055
63152
63174
63193
63229
63321
63336
63465
63476
63570
63580
63612
63684
63711
63715
63728
63743
63848
63849
63875
64046
64172
64238
64295
64335
64402
64449
64482
64530
64541
64572
64581
64711
64758
64780
64853
64867
64921
64947
64951
65019
65037
65080
65158
65176
65312
65325
65344
65360
65392
65437
65449
65509
65529
65548
65586
65708
65718
65736
65736
65757
65758
65842
65945
66019
66151
66159
66310
66311
66316
66352
66431
66476
66545
66584
66627
66655
66679
66700
66791
66896
66909
67089
67090
67254
67293
67341
67391
67403
67405
67428
67468
67504
67504
67523
67637
67643
67644
67661
67704
67835
67839
67882
67904
68010
68032
68040
68107
68208
68235
68255
68315
68374
68380
68405
68444
68454
68474
68525
68599
68607
68766
68865
68938
68947
69005
69016
69020
69020
69028
69032
69035
69088
69126
69166
69247
69252
69254
69522
69587
69634
69643
69663
69681
69696
69700
69709
69758
69774
69864
69865
69915
70062
70142
70153
70162
70179
70281
70315
70473
70486
70535
70554
70563
70638
70839
70854
70962
71171
71178
71277
71291
71364
71426
71480
71501
71697
71711
71867
71867
71879
71947
72022
72067
72135
72194
72277
72361
72417
72428
72579
72591
72632
72649
72664
72861
72879
72909
72920
72993
73010
73149
73151
73166
73193
73210
73213
73241
73298
73311
73328
73363
73374
73425
73549
73622
73685
73742
73792
73820
73867
73872
73885
73890
73911
73956
73976
73981
74081
74146
74271
74349
74493
74573
74591
74612
74669
74672
74746
74884
74895
74954
74956
74996
75014
75068
75080
75089
75231
75236
75265
75275
75287
75358
75452
75464
75555
75557
75691
75704
75728
75772
75865
75971
75993
76055
76065
76082
76105
76310
76340
76384
76580
76712
76764
76783
76894
77011
77014
77029
77088
77121
77272
77331
77334
77407
77447
77499
77528
77607
77632
77647
77652
77681
77791
77817
77843
77870
77940
77967
77998
78054
78071
78100
78183
78216
78332
78354
78443
78471
78471
78535
78743
78794
78838
78873
78902
78914
78971
78997
79033
79082
79088
79128
79178
79272
79295
79402
79411
79447
79511
79515
79725
79774
79841
79870
79901
80007
80077
80091
80106
80129
80171
80181
80183
80316
80414
80430
80457
80675
80693
80707
80742
80758
80762
80772
80775
80799
80829
80849
80882
80894
80966
81000
81049
81086
81134
81199
81280
81283
81363
81441
81506
81518
81570
81691
81769
81830
81901
82029
82043
82137
82156
82158
82231
82300
82384
82388
82417
82546
82557
82560
82673
82680
82701
82758
82877
82892
82958
82960
83030
83037
83088
83164
83168
83236
83302
83366
83373
83413
83570
83612
83714
83767
83800
83826
83832
83841
83883
84008
84010
84084
84101
84146
84201
84311
84372
84439
84486
84518
84542
84579
84581
84602
84608
84670
84702
84896
84949
84977
85115
85152
85159
85203
85225
85296
85328
85357
85511
85540
85557
85578
85594
85627
85641
85731
85743
85778
85795
85805
85964
86020
86079
86189
86190
86261
86271
86278
86310
86326
86396
86501
86615
86639
86673
86741
86751
86761
86774
86789
86798
86828
86888
86938
87043
87078
87134
87350
87410
87429
87500
87501
87530
87558
87563
87620
87630
87660
87698
87734
87797
87864
88020
88029
88043
88057
88074
88106
88108
88183
88194
88206
88214
88399
88423
88446
88460
88493
88518
88541
88591
88624
88637
88752
88764
88807
88809
88821
88844
88926
88956
89003
89024
89061
89114
89115
89154
89235
89344
89431
89463
89491
89555
89566
89623
89689
89721
89763
89996
90046
90116
90130
90193
90238
90243
90255
90257
90339
90381
90426
90429
90506
90532
90629
90662
90682
90683
90690
90897
90920
90950
90961
90964
91006
91037
91058
91075
91097
91130
91217
91285
91307
91328
91344
91411
91505
91510
91530
91535
91676
91739
91774
91804
91823
91875
91916
92056
92103
92120
92142
92162
92214
92215
92239
92360
92441
92459
92495
92503
92530
92659
92675
92731
92748
92851
92858
92893
92920
92926
92997
93056
93177
93244
93305
93337
93360
93410
93434
93442
93527
93561
93701
93706
93739
93773
93779
93789
93808
93809
93868
93978
93986
93999
94202
94223
94232
94312
94359
94397
94491
94583
94599
94670
94700
94702
94719
94798
94802
94886
94916
94961
94987
95046
95100
95107
95170
95242
95352
95356
95386
95431
95457
95551
95748
95761
95839
95905
95955
95983
96015
96092
96096
96103
96114
96167
96172
96207
96226
96272
96313
96357
96494
96500
96590
96591
96658
96797
96801
96913
96959
96962
96981
96983
96989
97047
97071
97075
97079
97199
97223
97350
97363
97400
97422
97460
97504
97571
97593
97720
97775
97785
97796
97832
97911
97925
97978
98015
98134
98216
98269
98372
98412
98418
98421
98499
98501
98521
98538
98539
98577
98645
98686
98751
98807
98827
99034
99067
99077
99160
99186
99316
99511
99524
99550
99553
99713
99873
99905
99907
99931
99947
99962
99973
